
10 11 12 13 14 15 3 7 75 2 3 67 
3 22 45 9 46 6 69 70 71 72 73 33 34 35 36 37 38 39 40 41 42 43 44 5 6 8 74 47 48 49 3 56 7 50 51 6 46 33 4 52 45 9 68 2 3 7 22 53 33 3 54 55 4 56 57 58 59 60 61 62 2 3 67 30 31 65 32 66 30 31 32 3 22 3 23 24 3 7 10 34 63 64 16 17 18 19 3 79 56 57 80 11 12 25 26 27 28 29 5 6 8 74 76 77 78 3 7 75 20 11 12 16 21 
16 17 18 19 
20 11 12 16 21 3 7 75 50 33 91 2 3 51 67 79 
20 11 12 16 21 
20 11 12 16 21 
20 11 12 16 21 
3 22 
3 23 24 
3 23 24 
6 69 70 71 72 73 11 12 25 26 27 28 29 20 101 102 103 104 
11 12 25 26 27 28 29 
11 12 25 26 27 28 29 
30 31 32 
30 31 32 
30 31 32 
33 34 35 36 37 38 39 40 41 42 43 44 
2 3 7 22 53 3 22 
47 48 49 
33 4 52 
33 3 54 55 4 56 57 58 59 60 61 62 
3 7 10 34 63 64 
3 7 10 34 63 64 
30 31 65 32 66 
45 9 68 3 56 7 
3 56 7 
6 69 70 71 72 73 
6 69 70 71 72 73 
5 6 8 74 76 77 78 5 6 8 74 
5 6 8 74 76 77 78 
3 7 75 
5 6 8 74 76 77 78 
5 6 8 74 76 77 78 
5 6 8 74 76 77 78 
3 79 56 57 80 
3 79 56 57 80 
3 79 56 57 80 
3 79 56 57 80 
91 99 50 33 91 2 3 51 67 79 1 50 100 20 101 102 103 104 50 33 45 54 55 85 86 87 88 1 54 55 81 84 81 4 82 83 50 33 
81 4 82 83 
1 54 55 81 84 1 50 100 50 33 91 2 3 51 67 79 
50 33 50 33 45 54 55 85 86 87 88 
50 33 45 54 55 85 86 87 88 
50 33 45 54 55 85 86 87 88 
89 90 
20 101 102 103 104 
20 101 102 103 104 
