
3 6 1 33 44 45 34 
6 2 35 3 10 14 
20 6 1 2 24 35 26 28 3 10 32 13 15 16 23 7 25 13 14 
22 6 24 20 4 2 23 21 25 
31 7 6 7 29 8 30 
31 7 6 7 1 29 8 30 7 
20 2 6 26 28 10 25 7 
31 7 7 29 8 30 
19 3 7 12 8 1 
10 20 11 26 9 25 
14 10 10 13 11 16 9 12 
12 14 10 10 13 11 16 9 
10 11 9 
9 10 11 
9 10 11 
14 13 12 13 
12 13 
12 13 
13 12 
14 37 46 13 36 9 32 
14 13 
1 2 13 10 15 
16 13 
16 13 
12 10 16 
12 10 16 
12 10 16 
12 10 16 
12 10 16 
16 20 37 36 7 3 10 
10 16 20 37 36 7 3 
3 10 16 20 7 
41 22 37 42 35 24 43 11 3 18 36 20 23 2 14 17 7 21 1 
20 11 18 26 17 25 
11 18 17 
11 18 17 
17 11 18 
17 11 18 
17 11 18 
17 11 18 
17 11 18 
17 11 18 
17 11 18 
17 11 18 
19 3 3 12 7 1 
1 19 1 
1 
1 
1 
41 42 35 43 3 1 1 44 45 14 7 1 
35 1 14 
21 22 20 2 
2 10 
3 24 3 33 34 23 7 
7 3 24 3 33 34 23 
24 32 7 23 
24 32 23 
23 24 
23 24 
23 24 
23 24 
23 24 
20 26 25 
25 20 26 
20 37 36 7 3 
3 20 7 
14 35 3 
3 12 
7 
7 
7 
7 
7 
31 7 29 30 
28 
30 31 29 
30 31 29 
30 31 29 
14 35 32 
32 
3 33 34 4 25 
25 4 
25 4 
3 33 34 
7 3 
7 3 
7 3 
7 3 
7 
7 
35 38 39 40 14 
37 36 
37 36 
37 36 
37 36 
37 36 
37 36 
36 37 
38 39 40 
1 44 45 
46 9 32 
32 46 9 
32 46 9 
32 46 9 
