
39 41 
39 42 2 29 
39 41 4 
2 22 23 2 25 26 4 2 1 31 
2 25 2 
1 4 2 5 6 7 
1 
4 2 5 6 7 
2 9 10 
11 2 12 13 
11 2 12 13 
11 2 12 13 
11 2 12 13 
2 14 15 16 
2 17 
2 19 
2 19 
2 2 29 30 32 33 34 
2 
2 
2 18 
2 21 2 35 36 37 38 39 42 2 25 26 2 25 
2 22 23 39 41 4 2 1 
4 2 1 31 2 22 23 
2 24 
11 2 27 28 
11 2 27 28 
2 29 30 32 33 34 2 30 
2 29 30 32 33 34 
39 40 39 39 41 
39 40 39 
39 
39 
39 40 
39 40 
39 40 
39 41 
45 
39 41 4 



39 39 41 
39 
39 42 
39 42 
11 39 46 47 
11 39 46 47 
11 39 46 47 
