1 2 3 4 5 6 7 1 50 100 
12 3 4 5 6 7 50 33 5 6 8 74 
12 3 4 5 6 7 50 33 91 2 3 51 67 79 
37 10 34 63 64 3 56 7 3 7 75 1 2 3 4 5 6 7 
56 8 9 45 9 68 45 9 46 
1011 12 13 14 15 20 11 12 16 21 
1011 12 13 14 15 
2011 12 16 21 
323 24 
1112 25 26 27 28 29 
1112 25 26 27 28 29 
1112 25 26 27 28 29 
1112 25 26 27 28 29 
3031 32 
3334 35 36 37 38 39 40 41 42 43 44 
4748 49 
4748 49 
5051 6 46 5 6 8 74 76 77 78 
5051 6 46 
5051 6 46 
23 7 22 53 
333 54 55 4 56 57 58 59 60 61 62 3 79 56 57 80 50 33 3 56 7 45 9 68 
37 10 34 63 64 50 33 91 2 3 51 67 79 2 3 67 
37 75 3 7 10 34 63 64 
3031 65 32 66 20 33 30 31 65 92 93 94 95 96 97 98 
669 70 71 72 73 
669 70 71 72 73 
56 8 74 76 77 78 
56 8 74 76 77 78 
814 82 83 1 54 55 81 84 
814 82 83 
814 82 83 
814 82 83 
814 82 83 
154 55 81 84 
8990 
5033 91 2 3 51 67 79 
2033 30 31 65 92 93 94 95 96 97 98 
2033 30 31 65 92 93 94 95 96 97 98 
2033 30 31 65 92 93 94 95 96 97 98 
9199 1 50 100 
9199 
5033 
5033 
20101 102 103 104 
20101 102 103 104 
20101 102 103 104 
