
2 18 2 19 2 2 39 41 39 42 
2 20 2 18 
39 41 2 24 2 1 2 25 39 42 43 44 
39 40 


11 2 27 28 39 42 43 44 45 2 24 2 25 26 2 29 

11 39 46 47 1 
2 18 11 2 12 13 1 2 14 15 16 
1 2 17 
11 2 12 13 2 25 2 3 
4 2 5 6 7 2 9 10 2 3 2 8 
4 2 5 6 7 39 41 4 
2 8 
2 14 15 16 11 2 12 13 2 9 10 
2 17 
2 17 
2 
2 20 39 2 24 2 22 23 
2 20 
2 20 
2 21 
2 21 
2 22 23 39 40 
2 22 23 
2 30 
4 2 1 31 
2 29 30 32 33 34 
2 29 30 32 33 34 
2 29 30 32 33 34 
2 35 36 37 38 11 39 46 47 
39 41 
39 41 
39 41 4 


39 
39 
39 
39 42 
39 42 
39 42 
39 41 
39 41 
11 39 46 47 
