
10 11 12 13 14 15 
16 17 18 19 3 23 24 
1 54 55 81 84 81 4 82 83 20 11 12 16 21 
45 9 46 3 22 3 22 
11 12 25 26 27 28 29 
11 12 25 26 27 28 29 
30 31 32 
47 48 49 
50 51 6 46 81 4 82 83 
50 51 6 46 
33 4 52 1 50 100 
3 79 56 57 80 3 56 7 45 9 68 

50 33 45 54 55 85 86 87 88 
89 90 
20 33 30 31 65 92 93 94 95 96 97 98 
20 33 30 31 65 92 93 94 95 96 97 98 
20 33 30 31 65 92 93 94 95 96 97 98 
20 33 30 31 65 92 93 94 95 96 97 98 
50 33 
50 33 
1 50 100 
20 101 102 103 104 
20 101 102 103 104 
20 101 102 103 104 
