
39 41 39 41 
4 39 2 2 1 18 41 
4 36 8 2 2 2 2 2 25 37 9 4 1 26 10 31 38 22 39 2 2 2 2 21 1 18 23 35 18 41 2 
2 2 20 39 21 40 
34 30 32 2 2 29 33 29 
27 2 34 30 28 11 32 2 2 2 29 33 29 
4 2 2 2 25 1 26 31 22 2 23 18 
33 29 34 30 32 2 2 29 
25 2 2 
1 2 22 23 
2 1 12 5 6 13 11 7 4 2 
2 1 12 5 6 13 11 7 4 2 
1 
1 
1 
2 5 2 3 6 7 4 
2 3 
2 3 
2 3 
2 11 5 39 6 46 7 47 4 
2 5 6 7 4 
2 18 8 2 2 18 
2 9 10 
2 9 10 
12 13 11 2 
2 12 13 11 
2 12 13 11 
2 12 13 11 
2 12 13 11 
14 2 15 16 24 2 
14 2 15 16 24 2 
14 2 15 16 24 2 
17 42 2 4 2 39 2 43 20 39 39 21 42 41 44 
17 2 2 22 23 
17 2 
17 2 
17 2 
17 2 
17 2 
17 2 
17 2 
17 2 
17 2 
17 2 
42 43 2 39 2 44 25 
2 2 
19 2 
19 2 
19 2 
42 4 2 39 43 39 39 42 41 39 44 41 
2 4 39 41 
2 20 
18 2 
42 39 2 41 43 39 21 44 
44 42 39 2 41 43 39 21 
36 2 25 2 37 26 38 2 35 21 
36 2 37 38 2 35 21 
21 2 
21 2 
21 2 
21 2 
21 2 
2 22 23 
23 2 22 
2 24 
2 24 
41 4 2 39 1 
25 2 
27 28 11 2 
27 28 11 2 
27 28 11 2 
2 27 28 11 
2 27 28 11 
33 29 34 30 32 2 2 29 
4 2 1 31 
33 29 34 30 32 2 
33 29 34 30 32 2 
33 29 34 30 32 2 
41 36 37 4 38 2 39 35 
36 37 38 2 35 
39 41 39 40 
40 39 
40 39 
39 41 
44 42 43 39 
44 42 43 39 
44 42 43 39 
44 42 43 39 
45 
45 
4 39 39 41 







39 
41 39 
11 39 46 47 
11 39 46 47 
11 39 46 47 
11 39 46 47 
