3 22 47 48 49 50 51 6 46 45 9 46 1 50 100 50 33 
334 52 2 3 7 22 53 
154 55 81 84 30 31 65 32 66 2 3 67 45 9 68 50 33 45 54 55 85 86 87 88 
814 82 83 
12 3 4 5 6 7 
669 70 71 72 73 50 33 45 54 55 85 86 87 88 89 90 30 31 65 32 66 5 6 8 9 3 56 7 5 6 8 74 
56 8 9 
20101 102 103 104 10 11 12 13 14 15 
23 7 22 53 11 12 25 26 27 28 29 10 11 12 13 14 15 30 31 32 
1011 12 13 14 15 33 34 35 36 37 38 39 40 41 42 43 44 
1112 25 26 27 28 29 45 9 68 16 17 18 19 
2011 12 16 21 3 23 24 16 17 18 19 3 22 
2011 12 16 21 50 33 91 2 3 51 67 79 
322 
3031 32 11 12 25 26 27 28 29 3 23 24 
3334 35 36 37 38 39 40 41 42 43 44 
3334 35 36 37 38 39 40 41 42 43 44 
459 46 
334 52 30 31 65 32 66 3 7 10 34 63 64 
334 52 
334 52 
333 54 55 4 56 57 58 59 60 61 62 
333 54 55 4 56 57 58 59 60 61 62 
37 10 34 63 64 81 4 82 83 
37 10 34 63 64 
37 75 
56 8 74 76 77 78 
56 8 74 76 77 78 
56 8 74 76 77 78 
379 56 57 80 20 101 102 103 104 
154 55 81 84 
154 55 81 84 
5033 91 2 3 51 67 79 
2033 30 31 65 92 93 94 95 96 97 98 
2033 30 31 65 92 93 94 95 96 97 98 
9199 
9199 
9199 
5033 
5033 
5033 
150 100 
150 100 
20101 102 103 104 
