
3 11 22 

4 12 4 12 2 
3 9 11 

9 10 
12 

12 4 
1 
5 1 6 3 
5 1 6 3 
1 
1 
1 
2 3 
2 
2 
2 
19 23 24 16 18 25 3 17 
3 
4 4 
2 
2 
5 6 
5 6 
5 6 
5 6 
5 6 
17 19 16 18 7 
17 19 16 18 7 
7 
17 19 16 18 11 20 21 14 











12 4 14 
9 10 4 
8 
8 
8 
22 9 10 20 21 14 11 
9 10 
11 

14 3 
14 3 
12 12 
12 







17 19 16 18 


12 










12 
12 
3 9 3 
3 9 
3 9 
3 
14 
14 
14 
14 
15 
15 

17 19 16 18 
17 19 16 18 
17 19 16 18 
17 19 16 18 
17 19 16 18 
17 19 16 18 
18 17 19 16 

22 11 
23 24 25 
23 24 25 
23 24 25 
23 24 25 
