20 11
 10 33 34
12 3
 9 45 68
14 11
 11 12 33
14 12 13
 11 12 16
16 20 7 3 10
 3 30 31 32
16 12 10
 11 12 25 26 27 28 29
16 14 10 13
 3 11 12
37 20 36 7 3
 30 31 33 65
23 3 24 7
 3 33 54 55
17 11 18
 33 34 35 36 37 38 39 40 41 42 43 44
9 11 10
 10 11 12 13 14 15
9 14 13
 11 12 20
32 14
 3 20 79
32 23 24
 3 56 57
35 1 3 14 7
 3 33 50
2 1
 3 22 33
2 20 7
 3 7 33
2 23 20 24
 3 4 33
2 35 3 14
 2 3 33
6 7
 3 5 6 7
6 3
 1 2 3
6 1
 1 3 6
6 2 10
 2 3 7
6 2 25 20
 3 4 7
26 10 25 20
 3 7 10
34 3 33
 1 54 55 81 84
46 9 32
 20 101 102 103 104
8 31 7 29 30
 5 6 8
4 25
 4 81 82 83
19 1
 9 45 46
22 20 2 21
 4 33 52
45 1 44
 1 50 100
28
 3 7 75
