6 3
 1 6 7
4 33 3
 2 20 23 24
7 33 3
 2 7 20
7 4 3
 2 6 20 25
12 3 11
 10 13 14 16
1 3
 1 3 6
20 3
 13 14 32
20 33
 14 36 37
20 12 11
 9 13 14
9 6
 1 7 8
2 7 3
 2 6 10
45 50 9 3 33
 1 3 7
22 3
 1 2 10 13 15
32 7 30 31 3
 7 10 20
52 33 4
 2 20 21 22
56 55 3 33 54
 7 23 24
16 11 12
 12 13 14
99 91
 38 39 40
100 50 1
 1 44 45
84 1 54 55 81
 3 33 34
79 3
 14 32 35
51 3 33 50
 1 14 35
104 20 101 102 103
 9 32 46
13 11 12 10 15 14
 9 10 11
57 3 56
 23 24 32
76 6 5 8 74 78 77
 29 30 31
43 33 34 35 36 37 38 39 40 41 42 44
 11 17 18
67 3 33 50 2
 3 14 35
66 3 33 31 30 32 65
 3 7 20
64 3 7 34 10 63
 20 25 26
26 11 12 25 29 28 27
 10 12 16
